360 0 335 40 255 10 20 350 40 -2.9 -60.6996
360 0 335 40 255 10 20 350 40 -2.9 -60.6996
360 0 335 40 255 10 20 350 40 -3.1 -60.6996
360 0 335 40 255 10 20 350 40 -3.2 -60.6996
360 0 335 40 255 10 20 350 40 -3.3 -60.6996
360 0 335 40 255 10 20 350 40 -3.4 -60.6996
360 0 335 40 255 10 20 350 40 -3.5 -60.6996
360 0 335 40 255 10 20 350 40 -3.6 -60.6996
360 0 335 40 255 10 20 350 40 -3.7 -60.6996
360 0 335 40 255 10 20 350 40 -3.8 -60.6996
360 0 335 40 255 10 20 350 40 -3.9 -60.6996
360 0 335 40 255 10 20 350 40 -4 -60.6996
360 0 335 40 255 10 20 350 40 -4.1 -60.6996
360 0 335 40 255 10 20 350 40 -4.2 -60.6996
360 0 335 40 255 10 20 350 40 -4.2 -60.6996
360 0 335 40 255 10 20 350 40 -4.1 -60.6996
360 0 335 40 255 10 20 350 40 -4.2 -60.6996
360 0 335 40 255 10 20 350 40 -4.2 -60.6996
360 0 335 40 255 10 20 350 40 -4.3 -60.6996
360 0 335 40 255 10 20 350 40 -4.3 -60.6996
360 0 335 40 255 10 20 350 40 -4.3 -60.6996
360 0 335 40 255 10 20 350 40 -4.3 -60.6996
360 0 335 40 255 10 20 350 40 -4.2 -60.6996
360 0 335 40 255 10 20 350 40 -4.2 -60.6996
360 0 335 40 255 10 20 350 40 -4.2 -60.6996
360 0 335 40 255 10 20 350 40 -4.3 -60.6996
360 0 335 40 255 10 20 350 40 -4.3 -60.6996
360 0 335 40 255 10 20 350 40 -4.3 -60.6996
360 0 335 40 255 10 20 350 40 -4.3 -60.6996
360 0 335 40 255 10 20 350 40 -4.3 -60.6996
360 0 335 40 255 10 20 350 40 -4.3 -60.6996
360 0 335 40 255 10 20 350 40 -4.3 -60.6996
360 0 335 40 255 10 20 350 40 -4.3 -60.6996
360 0 335 40 255 10 20 350 40 -4.3 -60.6996
360 0 335 40 255 10 20 350 40 -4.3 -60.6996
360 0 335 40 255 10 20 350 40 -4.2 -60.6996
360 0 335 40 255 10 20 350 40 -4.3 -60.6996
360 0 335 40 255 10 20 350 40 -4.4 -60.6996
360 0 335 40 255 10 20 350 40 -4.5 -60.6996
360 0 335 40 255 10 20 350 40 -4.6 -60.6996
360 0 335 40 255 10 20 350 40 -4.7 -60.6996
360 0 335 40 255 10 20 350 40 -4.8 -60.6996
360 0 335 40 255 10 20 350 40 -4.9 -60.6996
360 0 335 40 255 10 20 350 40 -5 -60.6996
360 0 335 40 255 10 20 350 40 -5.1 -60.6996
360 0 335 40 255 10 20 350 40 -5.2 -60.6996
360 0 335 40 255 10 20 350 40 -5.3 -60.6996
360 0 335 40 255 10 20 350 40 -5.4 -60.6996
360 0 335 40 255 10 20 350 40 -5.5 -60.6996
360 0 335 40 255 10 20 350 40 -5.6 -60.6996
360 0 335 40 255 10 20 350 40 -5.7 -60.6996
360 0 335 40 255 10 20 350 40 -5.8 -60.6996
360 0 335 40 255 10 20 350 40 -5.9 -60.6996
360 0 335 40 255 10 20 350 40 -6 -60.6996
360 0 335 40 255 10 20 350 40 -6.1 -60.6996
360 0 335 40 255 10 20 350 40 -6.2 -60.6996
360 0 335 40 255 10 20 350 40 -6.3 -60.6996
360 0 335 40 255 10 20 350 40 -6.4 -60.6996
360 0 335 40 255 10 20 350 40 -6.5 -60.6996
360 0 335 40 255 10 20 350 40 -6.6 -60.6996
360 0 335 40 255 10 20 350 40 -6.7 -60.6996
360 0 335 40 255 10 20 350 40 -6.8 -60.6996
360 0 335 40 255 10 20 350 40 -6.9 -60.6996
360 0 335 40 255 10 20 350 40 -7 -60.6996
360 0 335 40 255 10 20 350 40 -7.1 -60.6996
360 0 335 40 255 10 20 350 40 -7.2 -60.6996
360 0 335 40 255 10 20 350 40 -7.3 -60.6996
360 0 335 40 255 10 20 350 40 -7.4 -60.6996
360 0 335 40 255 10 20 350 40 -7.5 -60.6996
360 0 335 40 255 10 20 350 40 -7.6 -60.6996
360 0 335 40 255 10 20 350 40 -7.7 -60.6996
360 0 335 40 255 10 20 350 40 -7.79999 -60.6996
360 0 335 40 255 10 20 350 40 -7.89999 -60.6996
360 0 335 40 255 10 20 350 40 -7.99999 -60.6996
360 0 335 40 255 10 20 350 40 -7.89999 -60.6996
360 0 335 40 255 10 20 350 40 -7.79999 -60.6996
360 0 335 40 255 10 20 350 40 -7.7 -60.6996
360 0 335 40 255 10 20 350 40 -7.6 -60.6996
360 0 335 40 255 10 20 350 40 -7.5 -60.6996
360 0 335 40 255 10 20 350 40 -7.4 -60.6996
360 0 335 40 255 10 20 350 40 -7.3 -60.6996
360 0 335 40 255 10 20 350 40 -7.2 -60.6996
360 0 335 40 255 10 20 350 40 -7.1 -60.6996
360 0 335 40 255 10 20 350 40 -7.2 -60.6996
360 0 335 40 255 10 20 350 40 -7.3 -60.6996
360 0 335 40 255 10 20 350 40 -7.4 -60.6996
360 0 335 40 255 10 20 350 40 -7.5 -60.6996
360 0 335 40 255 10 20 350 40 -7.6 -60.6996
360 0 335 40 255 10 20 350 40 -7.7 -60.6996
360 0 335 40 255 10 20 350 40 -7.7 -60.6996
360 0 335 40 255 10 20 350 40 -7.79999 -60.6996
360 0 335 40 255 10 20 350 40 -7.89999 -60.6996
360 0 335 40 255 10 20 350 40 -7.99999 -60.6996
360 0 335 40 255 10 20 350 40 -8.09999 -60.6996
360 0 335 40 255 10 20 350 40 -8.2 -60.6996
360 0 335 40 255 10 20 350 40 -8.3 -60.6996
360 0 335 40 255 10 20 350 40 -8.4 -60.6996
360 0 335 40 255 10 20 350 40 -8.5 -60.6996
360 0 335 40 255 10 20 350 40 -8.6 -60.6996
360 0 335 40 255 10 20 350 40 -8.7 -60.6996
360 0 335 40 255 10 20 350 40 -8.8 -60.6996
360 0 335 40 255 10 20 350 40 -8.9 -60.6996
360 0 335 40 255 10 20 350 40 -9 -60.6996
360 0 335 40 255 10 20 350 40 -9.1 -60.6996
360 0 335 40 255 10 20 350 40 -9.2 -60.6996
360 0 335 40 255 10 20 350 40 -9.3 -60.6996
360 0 335 40 255 10 20 350 40 -9.4 -60.6996
360 0 335 40 255 10 20 350 40 -9.5 -60.6996
360 0 335 40 255 10 20 350 40 -9.6 -60.6996
360 0 335 40 255 10 20 350 40 -9.7 -60.6996
360 0 335 40 255 10 20 350 40 -9.8 -60.6996
360 0 335 40 255 10 20 350 40 -9.9 -60.6996
360 0 335 40 255 10 20 350 40 -10 -60.6996
360 0 335 40 255 10 20 350 40 -10.1 -60.6996
360 0 335 40 255 10 20 350 40 -10.2 -60.6996
360 0 335 40 255 10 20 350 40 -10.3 -60.6996
360 0 335 40 255 10 20 350 40 -10.4 -60.6996
360 0 335 40 255 10 20 350 40 -10.5 -60.6996
360 0 335 40 255 10 20 350 40 -10.6 -60.6996
360 0 335 40 255 10 20 350 40 -10.7 -60.6996
360 0 335 40 255 10 20 350 40 -10.8 -60.6996
360 0 335 40 255 10 20 350 40 -10.9 -60.6996
360 0 335 40 255 10 20 350 40 -11 -60.6996
360 0 335 40 255 10 20 350 40 -11.1 -60.6996
360 0 335 40 255 10 20 350 40 -11.2 -60.6996
360 0 335 40 255 10 20 350 40 -11.3 -60.6996
360 0 335 40 255 10 20 350 40 -11.4 -60.6996
360 0 335 40 255 10 20 350 40 -11.5 -60.6996
360 0 335 40 255 10 20 350 40 -11.7 -60.6996
360 0 335 40 255 10 20 350 40 -11.8 -60.6996
360 0 335 40 255 10 20 350 40 -11.9 -60.6996
360 0 335 40 255 10 20 350 40 -12 -60.6996
360 0 335 40 255 10 20 350 40 -12.1 -60.6996
360 0 335 40 255 10 20 350 40 -12.2 -60.6996
360 0 335 40 255 10 20 350 40 -12.3 -60.6996
360 0 335 40 255 10 20 350 40 -12.4 -60.6996
360 0 335 40 255 10 20 350 40 -12.5 -60.6996
360 0 335 40 255 10 20 350 40 -12.6 -60.6996
360 0 335 40 255 10 20 350 40 -12.7 -60.6996
360 0 335 40 255 10 20 350 40 -12.8 -60.6996
360 0 335 40 255 10 20 350 40 -12.9 -60.6996
360 0 335 40 255 10 20 350 40 -13 -60.6996
360 0 335 40 255 10 20 350 40 -13.1 -60.6996
360 0 335 40 255 10 20 350 40 -13.2 -60.6996
360 0 335 40 255 10 20 350 40 -13.3 -60.6996
360 0 335 40 255 10 20 350 40 -13.4 -60.6996
360 0 335 40 255 10 20 350 40 -13.5 -60.6996
360 0 335 40 255 10 20 350 40 -13.6 -60.6996
360 0 345 40 255 10 20 350 40 -13.6 -60.6996
360 0 340 40 255 10 20 350 40 -13.6 -60.6996
360 0 335 40 255 10 20 350 40 -13.6 -60.6996
360 0 330 40 255 10 20 350 40 -13.6 -60.6996
360 0 325 40 255 10 20 350 40 -13.6 -60.6996
360 0 320 40 255 10 20 350 40 -13.6 -60.6996
360 0 315 40 255 10 20 350 40 -13.6 -60.6996
360 0 310 40 255 10 20 350 40 -13.6 -60.6996
360 0 305 40 255 10 20 350 40 -13.6 -60.6996
360 0 300 40 255 10 20 350 40 -13.6 -60.6996
360 0 295 40 255 10 20 350 40 -13.6 -60.6996
360 0 290 40 255 10 20 350 40 -13.6 -60.6996
360 0 285 40 255 10 20 350 40 -13.6 -60.6996
360 0 280 40 255 10 20 350 40 -13.6 -60.6996
360 0 275 40 255 10 20 350 40 -13.6 -60.6996
360 0 270 40 255 10 20 350 40 -13.6 -60.6996
360 0 265 40 255 10 20 350 40 -13.6 -60.6996
360 0 260 40 255 10 20 350 40 -13.6 -60.6996
360 0 255 40 255 10 20 350 40 -13.6 -60.6996
360 0 250 40 255 10 20 350 40 -13.6 -60.6996
360 0 245 40 255 10 20 350 40 -13.6 -60.6996
360 0 240 40 255 10 20 350 40 -13.6 -60.6996
360 0 235 40 255 10 20 350 40 -13.6 -60.6996
360 0 230 40 255 10 20 350 40 -13.6 -60.6996
360 0 225 40 255 10 20 350 40 -13.6 -60.6996
360 0 220 40 255 10 20 350 40 -13.6 -60.6996
360 0 215 40 255 10 20 350 40 -13.6 -60.6996
360 0 210 40 255 10 20 350 40 -13.6 -60.6996
360 0 205 40 255 10 20 350 40 -13.6 -60.6996
360 0 200 40 255 10 20 350 40 -13.6 -60.6996
360 0 195 40 255 10 20 350 40 -13.6 -60.6996
360 0 190 40 255 10 20 350 40 -13.6 -60.6996
360 0 185 40 255 10 20 350 40 -13.6 -60.6996
360 0 180 40 255 10 20 350 40 -13.6 -60.6996
360 0 180 40 255 10 20 350 40 -13.6 -60.6996
360 0 180 40 255 10 20 350 40 -13.6 -60.6996
360 0 180 40 255 10 20 350 40 -13.5 -60.6996
360 0 180 40 255 10 20 350 40 -13.5 -60.6996
360 0 180 40 255 10 20 350 40 -13.5 -60.6996
360 0 180 40 255 10 20 350 40 -13.6 -60.6996
360 0 180 40 255 10 20 350 40 -13.6 -60.6996
360 0 180 40 255 10 20 350 40 -13.5 -60.6996
360 0 180 40 255 10 20 350 40 -13.5 -60.6996
360 0 180 40 255 10 20 350 40 -13.6 -60.6996
360 0 180 40 255 10 20 350 40 -13.6 -60.6996
360 0 180 40 255 10 20 350 40 -13.6 -60.6996
360 0 180 40 255 10 20 350 40 -13.6 -60.6996
360 0 180 40 255 10 20 350 40 -13.6 -60.6996
360 0 180 40 255 10 20 350 40 -13.6 -60.6996
360 0 180 40 255 10 20 350 40 -13.6 -60.6996
360 0 180 40 255 10 20 350 40 -13.6 -60.6996
360 0 180 40 255 10 20 350 40 -13.6 -60.6996
360 0 180 40 255 10 20 350 40 -13.7 -60.6996
360 0 180 40 255 10 20 350 40 -13.7 -60.6996
360 0 180 40 255 10 20 350 40 -12.8 -18.8
360 0 180 40 255 10 20 350 40 -12.9 -18.8
360 0 180 40 255 10 20 350 40 -13 -18.8
360 0 180 40 255 10 20 350 40 -13.1 -18.8
360 0 180 40 255 10 20 350 40 -13.2 -18.8
360 0 180 40 255 10 20 350 40 -13.3 -18.8
360 0 180 40 255 10 20 350 40 -13.4 -18.8
360 0 180 40 255 10 20 350 40 -13.3 -18.8
360 0 180 40 255 10 20 350 40 -13.4 -18.8
360 0 180 40 255 10 20 350 40 -13.4 -18.8
360 0 180 40 255 10 20 350 40 -13.3 -18.8
360 0 180 40 255 10 20 350 40 -13.3 -18.8
360 0 180 40 255 10 20 350 40 -13.3 -18.8
360 0 180 40 255 10 20 350 40 -13.4 -18.8
360 0 180 40 255 10 20 350 40 -13.3 -18.8
360 0 155 40 255 10 20 350 40 -13.3 -18.8
360 0 155 40 255 10 20 350 40 -13.3 -18.8
360 0 155 35 255 10 20 350 40 -13.3 -18.8
360 0 155 30 255 10 20 350 40 -13.3 -18.8
360 0 155 25 255 10 20 350 40 -13.3 -18.8
360 0 160 20 255 10 20 350 40 -13.3 -18.8
360 0 165 20 255 10 20 350 40 -13.3 -18.8
360 0 170 20 255 10 20 350 40 -13.3 -18.8
360 0 165 20 255 10 20 350 40 -13.3 -18.8
360 0 160 20 255 10 20 350 40 -13.3 -18.8
360 0 155 20 255 10 20 350 40 -13.3 -18.8
360 0 150 20 255 10 20 350 40 -13.3 -18.8
360 0 145 20 255 10 20 350 40 -13.3 -18.8
360 0 140 20 255 10 20 350 40 -13.3 -18.8
360 0 135 20 255 10 20 350 40 -13.3 -18.8
360 0 130 20 255 10 20 350 40 -13.3 -18.8
360 0 125 20 255 10 20 350 40 -13.3 -18.8
360 0 125 20 255 10 20 350 40 -13.3 -18.8
360 0 120 20 255 10 20 350 40 -13.3 -18.8
360 0 115 20 255 10 20 350 40 -13.3 -18.8
360 0 110 20 255 10 20 350 40 -13.3 -18.8
360 0 105 20 255 10 20 350 40 -13.3 -18.8
360 0 100 20 255 10 20 350 40 -13.3 -18.8
360 0 95 20 255 10 20 350 40 -13.3 -18.8
360 0 90 20 255 10 20 350 40 -13.3 -18.8
360 0 85 20 255 10 20 350 40 -13.3 -18.8
360 0 80 20 255 10 20 350 40 -13.3 -18.8
360 0 75 20 255 10 20 350 40 -13.3 -18.8
360 0 70 20 255 10 20 350 40 -13.3 -18.8
