0 0 0 0 0 0 0 0 0 0 0
0 0 0 0 0 0 0 5 0 0 0
0 0 0 0 0 0 0 10 0 0 0
0 0 0 0 0 0 0 15 360 0 0
0 0 0 0 0 0 0 15 5 0 0
0 0 0 0 0 0 0 15 10 0 0
0 0 0 0 0 0 0 15 15 0 0
0 0 0 0 0 0 0 15 20 0 0
0 0 0 0 0 0 0 15 25 0 0
0 0 0 0 0 0 0 20 25 0 0
0 0 0 0 0 0 0 25 25 0 0
0 0 0 0 0 0 0 30 25 0 0
0 0 0 0 0 0 0 35 30 0 0
0 0 0 0 0 0 0 35 35 0 0
0 0 0 0 0 0 0 35 35 0 0
0 0 0 0 0 0 0 35 40 0 0
0 0 0 0 0 0 0 35 45 0 0
0 0 0 0 0 0 0 35 45 0 0
0 0 0 0 0 0 0 30 45 0 0
0 0 0 0 0 0 0 25 45 0 0
0 0 0 0 0 0 0 20 45 0 0
0 0 0 0 0 0 0 20 45 0 0
0 0 0 0 0 0 0 20 40 0 0
0 0 0 0 0 0 0 20 35 0 0
0 0 0 0 0 0 0 20 30 0 0
0 0 0 0 0 0 0 25 30 0 0
0 0 0 0 0 0 0 20 30 0 0
0 0 0 0 0 0 0 15 30 0 0
0 0 0 0 0 0 0 10 30 0 0
0 0 0 0 0 0 0 10 30 0 0
0 0 0 0 0 0 0 5 30 0 0
0 0 0 0 0 0 0 0 30 0 0
0 0 0 0 0 0 0 355 30 0 0
0 0 0 0 0 0 0 355 25 0 0
0 0 0 0 0 0 0 355 20 0 0
0 0 0 0 0 0 0 355 15 0 0
0 0 0 0 0 0 0 355 10 0 0
0 0 0 0 0 0 0 355 5 0 0
0 0 0 0 0 0 0 355 0 0 0
0 0 0 0 0 0 0 355 5 0 0
0 0 0 0 0 355 0 355 5 0 0
0 0 0 0 0 350 0 355 5 0 0
0 0 0 0 0 350 5 355 5 0 0
0 0 0 0 0 350 10 355 5 0 0
0 0 0 0 0 350 10 355 5 0 0
0 0 0 0 0 350 5 355 5 0 0
0 0 0 0 0 350 0 355 5 0 0
0 0 0 0 0 350 355 355 5 0 0
0 0 0 0 0 350 350 355 5 0 0
0 0 0 0 0 350 345 355 5 0 0
0 0 0 0 0 350 345 355 5 0 0
