0 0 0 0 0 0 0 5 0 0 0
0 0 0 0 0 0 0 10 0 0 0
0 0 0 0 0 0 0 15 0 0 0
0 0 0 0 0 0 0 20 0 0 0
0 0 0 0 0 0 0 25 0 0 0
0 0 0 0 0 0 0 30 0 0 0
0 0 0 0 0 0 0 35 5 0 0
0 0 0 0 0 0 0 35 10 0 0
0 0 0 0 0 0 0 35 15 0 0
0 0 0 0 0 0 0 35 20 0 0
0 0 0 0 0 0 0 35 25 0 0
0 0 0 0 0 0 0 30 25 0 0
0 0 0 0 0 0 0 25 25 0 0
0 0 0 0 0 0 0 20 25 0 0
0 0 0 0 0 0 0 15 25 0 0
0 0 0 0 0 0 0 10 25 0 0
0 0 0 0 0 0 0 5 25 0 0
0 0 0 0 0 0 0 0 25 0 0
0 0 0 0 0 0 0 355 25 0 0
0 0 0 0 0 0 0 350 25 0 0
0 0 0 0 0 0 0 345 25 0 0
0 0 0 0 0 0 0 345 20 0 0
0 0 0 0 0 0 0 345 15 0 0
0 0 0 0 0 0 0 345 10 0 0
0 0 0 0 0 0 0 345 5 0 0
0 0 0 0 0 0 0 345 0 0 0
0 0 0 0 0 0 0 345 355 0 0
0 0 0 0 0 0 0 345 350 0 0
0 0 0 0 0 0 0 345 345 0 0
0 0 0 0 0 0 0 345 340 0 0
0 0 0 0 0 0 0 350 335 0 0
0 0 0 0 0 0 0 355 335 0 0
0 0 0 0 0 0 0 360 335 0 0
0 0 0 0 0 0 0 5 335 0 0
0 0 0 0 0 0 0 10 335 0 0
0 0 0 0 0 0 0 10 335 0 0
0 0 0 0 0 0 0 10 340 0 0
0 0 0 0 0 0 0 10 345 0 0
0 0 0 0 0 0 0 10 350 0 0
0 0 0 0 0 0 0 10 350 0 0
